           1
   0.0000000000000000        0.0000000000000000        0.0000000000000000
   0.0000000000000000        0.0000000000000000        0.0000000000000000
  -0.0000000000000000       0.49999999999999689        5.5879354476928592E-008
   1.0000000000000000        0.0000000000000000        0.0000000000000000
  -0.0000000000000000       -4.3711390001862412E-008  0.99999999999999900
   0.0000000000000000      -0.99999999999999623       -8.7422780003724745E-008
  -0.0000000000000000       0.99999999999999378        1.1175870895385718E-007
  -0.0000000000000000       -1.5547009895571923E-007  0.99999999999998790
           2
  -0.0000000000000000       0.49999999999999689        5.5879354476928592E-008
  -0.0000000000000000        50.499999999999687        5.6438148021697879E-006
  -0.0000000000000000        250.49749975367931        1.0000430392766015     
   1.0000000000000000        0.0000000000000000        0.0000000000000000     
  -0.0000000000000000       0.99999687449286989        2.5001571812962894E-003
   0.0000000000000000       -2.5002446038030822E-003  0.99999687449285823     
  -0.0000000000000000       0.99998749876839810        5.0001869773089970E-003
   0.0000000000000000       -5.0002743989961667E-003  0.99998749876838633     
