           1
   0.0000000000000000        0.0000000000000000        0.0000000000000000
   0.0000000000000000        2990.0000000000000        0.0000000000000000
  -0.0000000000000000        2995.0000000000000        5.5879354476928594E-007
   1.0000000000000000        0.0000000000000000        0.0000000000000000
  -0.0000000000000000       -4.3711390001862412E-008  0.99999999999999900
   0.0000000000000000      -0.99999999999999623       -8.7422780003724745E-008
  -0.0000000000000000       0.99999999999999378        1.1175870895385718E-007
  -0.0000000000000000       -1.5547009895571923E-007  0.99999999999998790
           2
  -0.0000000000000000        2995.0000000000000        5.5879354476928594E-007
  -0.0000000000000000        3000.0000000000000        1.1175870895385719E-006
  -0.0000000000000000        3019.9997499753681       0.10000485713326948
   1.0000000000000000        0.0000000000000000        0.0000000000000000
  -0.0000000000000000       0.99999687449286989        2.5001571812962894E-003
   0.0000000000000000       -2.5002446038030822E-003  0.99999687449285823
  -0.0000000000000000       0.99998749876839810        5.0001869773089970E-003
   0.0000000000000000       -5.0002743989961667E-003  0.99998749876838633
           3
  -0.0000000000000000        4.9999999999999691E-002   5.5879354476928595E-009
  -0.0000000000000000        4.9999999999999691E-002   5.5879354476928595E-009
  -0.0000000000000000        9.9999999999998201E-002   1.6763806343078474E-008
   1.0000000000000000        0.0000000000000000        0.0000000000000000     
   0.0000000000000000       -1.9918148895758121E-007  0.99999999999998201     
   0.0000000000000000      -0.99999999999997646       -1.9918148895758045E-007
  -0.0000000000000000       0.99999999999997014        2.2351741790771233E-007
   0.0000000000000000       -3.1094019791143559E-007  0.99999999999995837     
